001110010011,-80.15835216808404
110001101100,-80.15835216808402
100111010100,-80.15831662584787
011000101011,-80.15831662584786
000110110110,-80.15831056938013
111001001001,-80.15831056938013
001101001101,-80.15830750088654
110010110010,-80.15830750088654
101111010000,-80.15819209653966
010000101111,-80.15819209653965
010101001110,-80.15818029468215
101010110001,-80.15818029468215
011001101100,-80.15817321933804
100110010011,-80.15817321933804
011110001100,-80.15810330409965
100001110011,-80.15810330409965
010011011100,-80.15792654459244
101100100011,-80.15792654459244
111001101000,-80.15792364992551
000110010111,-80.1579236499255
001111010100,-80.15789327514337
110000101011,-80.15789327514335
011010110010,-80.15786293249448
100101001101,-80.15786293249447
010011000111,-80.15774671015038
101100111000,-80.15774671015038
001110110010,-80.15769543414616
110001001101,-80.15769543414615
000011101011,-80.15751867122181
111100010100,-80.15751867122181
001001110011,-80.15738504563319
110110001100,-80.15738504563319
011101001010,-80.15731668034041
100010110101,-80.15731668034041
001101101100,-80.15717309796105
110010010011,-80.15717309796105
111011010000,-80.15712316913799
000100101111,-80.15712316913798
111000100101,-80.15688122253765
000111011010,-80.15688122253763
011011011000,-80.15677883525649
100100100111,-80.15677883525649
101101100100,-80.15672125895539
010010011011,-80.15672125895537
011001001101,-80.15667740550344
100110110010,-80.15667740550344
010010110110,-80.15665887939704
101101001001,-80.15665887939704
111101000010,-80.15654234540706
000010111101,-80.15654234540705
011011000011,-80.15644842037833
100100111100,-80.15644842037833
001011100101,-80.1562555196002
110100011010,-80.15625551960018
011100011100,-80.15625015487694
100011100011,-80.15625015487694
001010110101,-80.15609887864511
110101001010,-80.1560988786451
101010011110,-80.1560815086124
010101100001,-80.15608150861239
011010010011,-80.15588944967226
100101101100,-80.15588944967226
011100000111,-80.15587077949093
100011111000,-80.15587077949093
111110001000,-80.15584057492386
000001110111,-80.15584057492384
010011100110,-80.15563697816872
101100011001,-80.15563697816872
001100101011,-80.1554285101148
110011010100,-80.1554285101148
010001010111,-80.15536574955296
101110101000,-80.15536574955296
001100100111,-80.15533262593073
110011011000,-80.15533262593071
011010010101,-80.15506948739187
100101101010,-80.15506948739187
111110000100,-80.15488236337359
000001111011,-80.15488236337356
001100111100,-80.15488114689688
110011000011,-80.15488114689687
100011100101,-80.15462239952528
011100011010,-80.15462239952527
001011100011,-80.15461524776701
110100011100,-80.154615247767
001010111001,-80.15456359138966
110101000110,-80.15456359138965
000010111011,-80.15420787445359
111101000100,-80.15420787445359
001011111000,-80.15411480822533
110100000111,-80.1541148082253
101101000101,-80.15374611216164
010010111010,-80.15374611216163
000111011100,-80.15365131955525
111000100011,-80.15365131955525
010010010111,-80.15364174318233
101101101000,-80.15364174318233
011011010100,-80.15354256237552
100100101011,-80.1535425623755
011011100010,-80.15329503500416
100100011101,-80.15329503500415
000111000111,-80.15309199208454
111000111000,-80.15309199208454
001101101010,-80.15308510849582
110010010101,-80.15308510849582
100110101100,-80.15292732584345
011001010011,-80.15292732584344
001001110101,-80.15260506514238
110110001010,-80.15260506514238
011101000110,-80.1524492360199
100010111001,-80.1524492360199
011100100110,-80.15237805521296
100011011001,-80.15237805521295
101011100001,-80.15194001760504
010100011110,-80.15194001760503
000011100111,-80.15193064312021
111100011000,-80.15193064312021
010001110110,-80.15160759044625
101110001001,-80.15160759044625
000011111100,-80.15127962314241
111100000011,-80.15127962314241
011010110100,-80.1511660132194
100101001011,-80.15116601321938
101100100101,-80.15091234578237
010011011010,-80.15091234578236
001100011101,-80.15088868162599
110011100010,-80.15088868162599
001111011000,-80.15068442188789
110000100111,-80.15068442188789
000110011011,-80.1505580395621
111001100100,-80.1505580395621
001110101100,-80.15044340371853
110001010011,-80.15044340371853
011110001010,-80.150055296424
100001110101,-80.150055296424
110000111100,-80.14997451398109
001111000011,-80.14997451398108
000101101110,-80.14996582841871
111010010001,-80.14996582841871
001011011001,-80.14978300405063
110100100110,-80.14978300405063
000111100110,-80.14835204334281
111000011001,-80.14835204334278
001101001011,-80.14834255442662
110010110100,-80.14834255442662
100110001101,-80.14812551334423
011001110010,-80.14812551334421
000101010111,-80.14783766432079
111010101000,-80.14783766432079
100111011000,-80.14777561552734
011000100111,-80.14777561552731
001110010101,-80.14728810401117
110001101010,-80.14728810401115
011000111100,-80.14694464346485
100111000011,-80.14694464346485
010110001110,-80.1462327805663
101001110001,-80.1462327805663
010110010110,-80.14591973294102
101001101001,-80.14591973294102
000011011101,-80.14590416557523
111100100010,-80.14590416557522
011000101101,-80.14554075839945
100111010010,-80.14554075839945
000110111010,-80.14495267600827
111001000101,-80.14495267600827
001110001101,-80.14480251132258
110001110010,-80.14480251132258
001111100010,-80.14419091184683
110000011101,-80.14419091184683
111010110000,-80.144179620957
000101001111,-80.14417962095699
011001101010,-80.14384112808033
100110010101,-80.14384112808033
001101010011,-80.14358005227987
110010101100,-80.14358005227987
001111010010,-80.14184938051011
110000101101,-80.14184938051011
000101110110,-80.14144928845398
111010001001,-80.14144928845398
100001101101,-80.1413217032882
011110010010,-80.14132170328818
001110110100,-80.14075441307861
110001001011,-80.14075441307861
010011001011,-80.14046638873864
101100110100,-80.14046638873864
011000011101,-80.1403219614339
100111100010,-80.14032196143388
000011101101,-80.13988514543934
111100010010,-80.13988514543934
011010101100,-80.13963353312016
100101010011,-80.13963353312016
100010110011,-80.13897643895616
011101001100,-80.13897643895615
101110010001,-80.13890265967183
010001101110,-80.13890265967181
101011110000,-80.13877586760371
010100001111,-80.1387758676037
101011001110,-80.13847136886449
010100110001,-80.13847136886447
001001101101,-80.13710149405411
110110010010,-80.1371014940541
010010011101,-80.13662749905936
101101100010,-80.13662749905936
000111010110,-80.13660692325126
111000101001,-80.13660692325126
011001001011,-80.13646835725103
100110110100,-80.13646835725103
110010001101,-80.13614802302057
001101110010,-80.13614802302055
011011000101,-80.13566046136201
100100111010,-80.135660461362
001010110011,-80.13449061007599
110101001100,-80.13449061007597
001011101001,-80.13436039515996
110100010110,-80.13436039515994
100011110100,-80.13309831416169
011100001011,-80.13309831416166
001100101101,-80.13240854087391
110011010010,-80.13240854087391
010011101010,-80.13236437374852
101100010101,-80.1323643737485
101110100100,-80.13153918848934
010001011011,-80.13153918848933
011010001101,-80.13136242396413
100101110010,-80.13136242396413
000001111101,-80.1308285852671
111110000010,-80.1308285852671
001100111010,-80.13082516069571
110011000101,-80.13082516069571
011010011001,-80.1306658506231
100101100110,-80.1306658506231
101110110000,-80.13048623545002
010001001111,-80.13048623545001
010100101110,-80.13033451370978
101011010001,-80.13033451370978
011100010110,-80.12939511801997
100011101001,-80.12939511801997
010110100001,-80.12910841271676
101001011110,-80.12910841271676
000010110111,-80.1282600091672
111101001000,-80.1282600091672
001011110100,-80.128010185831
110100001011,-80.12801018583099
010010111100,-80.1277753952709
101101000011,-80.1277753952709
011011010010,-80.12725456594978
100100101101,-80.12725456594978
011011100100,-80.12663011899315
100100011011,-80.12663011899312
010010100111,-80.12637363373244
101101011000,-80.12637363373244
011001010101,-80.12571911450313
100110101010,-80.12571911450313
000111001011,-80.12536654453635
111000110100,-80.12536654453635
001101100110,-80.12534931466197
110010011001,-80.12534931466197
001001111001,-80.12416370105026
110110000110,-80.12416370105026
000100111110,-80.12415988435662
111011000001,-80.12415988435662
011100101010,-80.12361330687523
100011010101,-80.12361330687523
000011111010,-80.12183719348283
111100000101,-80.12183719348283
101110000101,-80.12178874637415
010001111010,-80.12178874637414
001100011011,-80.12095573843013
110011100100,-80.12095573843013
100101000111,-80.12077009344215
011010111000,-80.12077009344213
000110011101,-80.1202201778736
111001100010,-80.12022017787359
010011010110,-80.12019292035956
101100101001,-80.12019292035954
110001010101,-80.11996716519337
001110101010,-80.11996716519336
011010100011,-80.11921775146757
100101011100,-80.11921775146757
001111000101,-80.11894245317228
110000111010,-80.11894245317228
011110000110,-80.11828177526681
100001111001,-80.11828177526681
001011010101,-80.11768609864784
110100101010,-80.11768609864782
101000111001,-80.11639553991873
010111000110,-80.1163955399187
011001110100,-80.1150403450092
100110001011,-80.1150403450092
101111001000,-80.1147407371743
010000110111,-80.11474073717429
000111101010,-80.11463431278614
111000010101,-80.11463431278614
001101000111,-80.1146144775843
110010111000,-80.1146144775843
111010100100,-80.11356597712071
000101011011,-80.11356597712069
111011100000,-80.11324680869853
000100011111,-80.1132468086985
001101011100,-80.11294107145406
110010100011,-80.11294107145406
011000111010,-80.1126445554712
100111000101,-80.1126445554712
001110011001,-80.11243934110594
110001100110,-80.11243934110594
000110101110,-80.11216175491681
111001010001,-80.1121617549168
000011011011,-80.11058477892095
111100100100,-80.11058477892095
101001100101,-80.10969349005582
010110011010,-80.1096934900558
000110111100,-80.10873785732507
111001000011,-80.10873785732505
001110001011,-80.10844931580272
110001110100,-80.10844931580272
100000111101,-80.10825151400391
011111000010,-80.1082515140039
001111100100,-80.10728189404334
110000011011,-80.10728189404333
000110100111,-80.10695660275798
111001011000,-80.10695660275798
100111001100,-80.10644472097198
011000110011,-80.10644472097196
001101010101,-80.10612773914707
110010101010,-80.10612773914707
011001100110,-80.10566020811002
100110011001,-80.10566020811002
010000111110,-80.10416009080072
101111000001,-80.10416009080072
010101010110,-80.10320189262883
101010101001,-80.10320189262883
011110010100,-80.10195245137115
100001101011,-80.10195245137115
000101111010,-80.10118531824543
111010000101,-80.10118531824543
001000111101,-80.10118038299957
110111000010,-80.10118038299957
010011001101,-80.10040463210666
101100110010,-80.10040463210666
011000011011,-80.10014491644554
100111100100,-80.10014491644554
001110111000,-80.0999133671649
110001000111,-80.0999133671649
000110001111,-80.09960025213365
111001110000,-80.09960025213365
001111001100,-80.09925139231498
110000110011,-80.09925139231498
011010101010,-80.09891319280253
100101010101,-80.09891319280251
110001011100,-80.09798153216171
001110100011,-80.0979815321617
000011110011,-80.09558374117441
111100001100,-80.09558374117441
001001101011,-80.0944642149522
110110010100,-80.0944642149522
011101010010,-80.09391773277656
100010101101,-80.09391773277656
001101110100,-80.09281875289308
110010001011,-80.09281875289307
000100110111,-80.09245033903348
111011001000,-80.09245033903348
011001000111,-80.09229515427225
100110111000,-80.09229515427225
011011001001,-80.09089698740843
100100110110,-80.09089698740843
010000011111,-80.09061679838254
101111100000,-80.09061679838254
100110100011,-80.09024225511341
011001011100,-80.0902422551134
010010101110,-80.08928859419457
101101010001,-80.08928859419457
011100001101,-80.0876501140713
100011110010,-80.08765011407128
101010001111,-80.08668832499404
010101110000,-80.08668832499401
010011101100,-80.08642566012185
101100010011,-80.08642566012185
001010101101,-80.08592995312877
110101010010,-80.08592995312875
010001011101,-80.08505717953337
101110100010,-80.08505717953337
011010001011,-80.0847651266518
100101110100,-80.0847651266518
000001101111,-80.08449919873233
111110010000,-80.08449919873233
001100110110,-80.08272952967707
110011001001,-80.08272952967707
110011001100,-80.08233513449977
001100110011,-80.08233513449974
001011110010,-80.07929395855577
110100001101,-80.07929395855575
011011101000,-80.0758743620311
100100010111,-80.07587436203109
010010101011,-80.07546111966246
101101010100,-80.07546111966246
000111001101,-80.07506068611191
111000110010,-80.07506068611191
100110100110,-80.07440940089766
011001011001,-80.07440940089765
010010001111,-80.07409687465133
101101110000,-80.07409687465133
011011001100,-80.07367920880799
100100110011,-80.07367920880797
011100101100,-80.07228814979015
100011010011,-80.07228814979015
010101010001,-80.07122734485316
101010101110,-80.07122734485316
010111100000,-80.06972186001063
101000011111,-80.06972186001062
010001111100,-80.06942978042349
101110000011,-80.06942978042349
000011110110,-80.06824941854669
111100001001,-80.06824941854669
101110011000,-80.06705046548319
010001100111,-80.06705046548318
001100010111,-80.066867824403
110011101000,-80.066867824403
011010100101,-80.06544487675045
100101011010,-80.06544487675045
001110100110,-80.06532529452284
110001011001,-80.06532529452284
001111001001,-80.06373385308227
110000110110,-80.06373385308227
001011010011,-80.0630929143779
110100101100,-80.0630929143779
101000110101,-80.05980945984872
010111001010,-80.05980945984871
000111101100,-80.058451497367
111000010011,-80.05845149736699
011001111000,-80.05773834839528
100110000111,-80.05773834839528
101111000100,-80.05728198345244
010000111011,-80.05728198345241
000101011101,-80.05683986637226
111010100010,-80.05683986637226
001101011010,-80.05590016955207
110010100101,-80.05590016955207
011001100011,-80.05520845301888
100110011100,-80.05520845301888
100111001001,-80.05410379831612
011000110110,-80.0541037983161
101000111110,-80.05261245274471
010111000001,-80.0526124527447
101001100011,-80.05105044052313
010110011100,-80.05105044052311
000011010111,-80.05100472097632
111100101000,-80.05100472097632
011111000100,-80.0489142653509
100000111011,-80.0489142653509
101001111000,-80.04843833153616
010110000111,-80.04843833153615
001110000111,-80.04781516212373
110001111000,-80.04781516212373
011000110101,-80.04625159393085
100111001010,-80.04625159393085
001111101000,-80.04608101094485
110000010111,-80.04608101094485
111001010100,-80.04559896255155
000110101011,-80.04559896255154
001110011100,-80.04516420259165
110001100011,-80.04516420259165
001101011001,-80.04437289940518
110010100110,-80.04437289940516
000101011110,-80.04337730072018
111010100001,-80.04337730072018
010101011010,-80.04006957290696
101010100101,-80.04006957290696
000101111100,-80.0385822505023
111010000011,-80.0385822505023
001000111011,-80.03857510716173
110111000100,-80.03857510716172
011110011000,-80.0382430559441
100001100111,-80.0382430559441
000101100111,-80.03582344253337
111010011000,-80.03582344253337
110000110101,-80.03579023808902
001111001010,-80.035790238089
011000010111,-80.03561187628198
100111101000,-80.03561187628198
100001111100,-80.03548036652106
011110000011,-80.03548036652103
001110100101,-80.03396455565209
110001011010,-80.03396455565209
011010100110,-80.03382619599554
100101011001,-80.03382619599554
101100101100,-80.03206959660265
010011010011,-80.03206959660264
000011110101,-80.03053295579923
111100001010,-80.03053295579923
010110100110,-80.02947082143876
101001011001,-80.02947082143876
011101010100,-80.02816023179957
100010101011,-80.02816023179957
101011101000,-80.02764117541062
010100010111,-80.02764117541058
001001100111,-80.02742266246008
110110011000,-80.02742266246008
101011010110,-80.02685626855127
010100101001,-80.02685626855126
001101111000,-80.02507163014269
110010000111,-80.02507163014269
000000111111,-80.02506409467988
111111000000,-80.02506409467988
000100111011,-80.02454645917516
111011000100,-80.02454645917516
001001111100,-80.02453890888137
110110000011,-80.02453890888137
011001011010,-80.02295725141894
100110100101,-80.02295725141894
001101100011,-80.02216224173768
110010011100,-80.02216224173766
000111001110,-80.02212723531966
111000110001,-80.02212723531964
001010101011,-80.01690442496692
110101010100,-80.01690442496691
001011110001,-80.01658766000931
110100001110,-80.01658766000931
011110100010,-80.01546920303116
100001011101,-80.01546920303113
011010000111,-80.01368584683635
100101111000,-80.01368584683635
011100010011,-80.01354307645803
100011101100,-80.01354307645803
001100110101,-80.01189790566616
110011001010,-80.01189790566616
010011110010,-80.01179299828401
101100001101,-80.01179299828401
011010011100,-80.01065539427566
100101100011,-80.01065539427566
101110100001,-80.00861519425565
010001011110,-80.00861519425564
010100110110,-80.00702523818816
101011001001,-80.00702523818816
010110110000,-80.00544334979993
101001001111,-80.00544334979993
011100001110,-80.00485240491685
100011110001,-80.00485240491685
001001011101,-80.00368866549475
110110100010,-80.00368866549475
010010101101,-80.00241444732968
101101010010,-80.00241444732968
000010101111,-80.00225327854761
111101010000,-80.00225327854761
001011101100,-80.00168497017489
110100010011,-80.00168497017486
011011001010,-79.99997395278953
100100110101,-79.99997395278953
000101110001,-79.99835616953658
111010001110,-79.99835616953658
111000101100,-79.99574828166122
000111010011,-79.9957482816612
100011001101,-79.99188348584309
011100110010,-79.99188348584308
101110010100,-79.98923187457655
010001101011,-79.98923187457652
011010101001,-79.98704921013865
100101010110,-79.98704921013865
010011001110,-79.98449176168877
101100110001,-79.98449176168876
101001101110,-79.98320707433763
010110010001,-79.98320707433761
010111001100,-79.98119841358007
101000110011,-79.98119841358007
001011001101,-79.97918629966321
110100110010,-79.97918629966321
010000111101,-79.97781505879566
101111000010,-79.97781505879566
100110011010,-79.97504732924182
011001100101,-79.9750473292418
001101010110,-79.9741723458752
110010101001,-79.9741723458752
000111100001,-79.97345038502706
111000011110,-79.97345038502705
000111110010,-79.97284146658248
111000001101,-79.97284146658248
001011011110,-79.96700566694739
110100100001,-79.96700566694737
011111001000,-79.96484503273908
100000110111,-79.96484503273908
010110001011,-79.96421234181639
101001110100,-79.96421234181639
000110101101,-79.96230818842629
111001010010,-79.96230818842628
001110011010,-79.96173505162974
110001100101,-79.96173505162974
100111000110,-79.96130968766715
011000111001,-79.96130968766714
010001110001,-79.95776102773523
101110001110,-79.95776102773523
010101011100,-79.95503827431432
101010100011,-79.95503827431432
011100100001,-79.95340958321057
100011011110,-79.95340958321057
101010111000,-79.95144861192553
010101000111,-79.9514486119255
001000110111,-79.95117371748483
110111001000,-79.95117371748482
100001111010,-79.94903515916194
011110000101,-79.94903515916192
000101101011,-79.94755972549027
111010010100,-79.94755972549027
001111000110,-79.94751617476024
110000111001,-79.94751617476024
110001010110,-79.94512376290385
001110101001,-79.94512376290383
010011010101,-79.94459058037795
101100101010,-79.94459058037795
000110011110,-79.9445260525984
111001100001,-79.9445260525984
111100000110,-79.9406380673166
000011111001,-79.94063806731658
010110101010,-79.93925254871053
101001010101,-79.93925254871053
011101011000,-79.93754475953585
100010100111,-79.93754475953585
101011100100,-79.93686894603897
010100011011,-79.93686894603894
101011011010,-79.9358475841538
010100100101,-79.93584758415379
000100111101,-79.93483543272592
111011000010,-79.93483543272592
110110000101,-79.9348256743374
001001111010,-79.93482567433739
100010111100,-79.93380451671096
011101000011,-79.93380451671095
001101100101,-79.93175701616812
110010011010,-79.93175701616812
100110101001,-79.93078430160563
011001010110,-79.93078430160561
010011100001,-79.92998187605937
101100011110,-79.92998187605937
011011010001,-79.92666239016918
100100101110,-79.92666239016918
101010011001,-79.9257058065067
010101100110,-79.92570580650668
011110100100,-79.92314703867734
100001011011,-79.92314703867734
001010100111,-79.92295679563814
110101011000,-79.92295679563813
011100010101,-79.92067761677492
100011101010,-79.92067761677492
001010111100,-79.91909548865759
110101000011,-79.91909548865758
010101101000,-79.91891693454102
101010010111,-79.91891693454102
010011110100,-79.91843702506462
101100001011,-79.9184370250646
011010011010,-79.91698214152126
100101100101,-79.91698214152126
001100111001,-79.916510873266
110011000110,-79.916510873266
111110000001,-79.91650072275526
000001111110,-79.91650072275525
001100101110,-79.91172495448535
110011010001,-79.91172495448532
101011000101,-79.91026072580804
010100111010,-79.91026072580803
001001011011,-79.9080984739561
110110100100,-79.90809847395609
100010011101,-79.90701805789963
011101100010,-79.90701805789962
001011101010,-79.90555148330694
110100010101,-79.90555148330692
011011000110,-79.90125476332432
100100111001,-79.90125476332432
011011110000,-79.89946518146334
100100001111,-79.89946518146334
010010110011,-79.89873345405817
101101001100,-79.89873345405817
111000101010,-79.89802516364405
000111010101,-79.89802516364404
010010011110,-79.89795395415851
101101100001,-79.89795395415851
011100110100,-79.89314106916528
100011001011,-79.89314106916528
001010011101,-79.89146994994954
110101100010,-79.89146994994952
010101001001,-79.89128137107164
101010110110,-79.89128137107164
010001101101,-79.88979695318383
101110010010,-79.88979695318382
111110100000,-79.88872986898144
000001011111,-79.88872986898143
000011101110,-79.88608639778731
111100010001,-79.88608639778731
000110110001,-79.884479339635
111001001110,-79.884479339635
001100001111,-79.88368866588277
110011110000,-79.88368866588277
001111010001,-79.87827778510388
110000101110,-79.87827778510388
110100110100,-79.87717585580057
001011001011,-79.87717585580056
101000101101,-79.87155475155647
010111010010,-79.87155475155646
011001101001,-79.86974558579332
100110010110,-79.86974558579332
000111110100,-79.86924139157063
111000001011,-79.86924139157063
011000101110,-79.86187775238524
100111010001,-79.86187775238524
010111010000,-79.86110835437243
101000101111,-79.86110835437243
010110001101,-79.85849333684163
101001110010,-79.85849333684163
000011001111,-79.85666711688845
111100110000,-79.85666711688843
001110010110,-79.85310115111619
110001101001,-79.85310115111619
110000001111,-79.84845035963795
001111110000,-79.84845035963794
111001001100,-79.84764982620811
000110110011,-79.8476498262081
101010110100,-79.84031654536909
010101001011,-79.84031654536906
001010011111,-79.84011068902302
110101100000,-79.84011068902302
111010010010,-79.83788070230509
000101101101,-79.83788070230507
100001110110,-79.83732601690035
011110001001,-79.83732601690033
101101001110,-79.83207420585833
010010110001,-79.83207420585832
010011011001,-79.83182734238198
101100100110,-79.83182734238198
011000001111,-79.8312112470226
100111110000,-79.8312112470226
101001010011,-79.82765658674109
010110101100,-79.82765658674107
010100011101,-79.82472968874019
101011100010,-79.82472968874019
101011011100,-79.82347642258486
010100100011,-79.82347642258483
011101100000,-79.82264427865087
100010011111,-79.82264427865087
011101000101,-79.82097106029191
100010111010,-79.82097106029191
001001110110,-79.81978437501073
110110001001,-79.81978437501073
101011000111,-79.8188739542309
010100111000,-79.81887395423088
001101101001,-79.81601014658318
110010010110,-79.81601014658318
101010010101,-79.8085814569418
010101101010,-79.80858145694177
001010111110,-79.80836557583439
110101000001,-79.80836557583437
011110101000,-79.80544561340729
100001010111,-79.80544561340727
001010111010,-79.80299400505368
110101000101,-79.80299400505368
100011100110,-79.80242223486145
011100011001,-79.80242223486144
101010011011,-79.80026834049379
010101100100,-79.80026834049377
010011111000,-79.79968150406017
101100000111,-79.79968150406017
011010010110,-79.79790311487126
100101101001,-79.79790311487125
010011100011,-79.79491887508284
101100011100,-79.79491887508284
101011000011,-79.7922445115146
010100111100,-79.79224451151458
011101000001,-79.79006008556553
100010111110,-79.79006008556551
011101100100,-79.7883076444859
100010011011,-79.78830764448588
010100100111,-79.78743292202941
101011011000,-79.78743292202941
001001010111,-79.78706489162096
110110101000,-79.78706489162096
101011100110,-79.78611152256514
010100011001,-79.78611152256511
001011100110,-79.78396394432838
110100011001,-79.78396394432836
010110101000,-79.78300660491888
101001010111,-79.78300660491888
000010111110,-79.77998292327209
111101000001,-79.77998292327209
101101001010,-79.77826952213269
010010110101,-79.77826952213267
000111011001,-79.77481679951163
111000100110,-79.77481679951163
000101101001,-79.77194833366646
111010010110,-79.77194833366646
001010011011,-79.76949150935094
110101100100,-79.76949150935093
011100111000,-79.76889340424333
100011000111,-79.76889340424333
101010111010,-79.76664049401593
010101000101,-79.76664049401592
100011011100,-79.76393123432204
011100100011,-79.76393123432203
101110001100,-79.7578388545442
010001110011,-79.75783885454419
100101001110,-79.75448373943111
011010110001,-79.7544837394311
001011000111,-79.74959603381353
110100111000,-79.74959603381353
101001110110,-79.74859574612807
010110001001,-79.74859574612805
010111010100,-79.7455264456951
101000101011,-79.7455264456951
000010011111,-79.74543677417682
111101100000,-79.74543677417682
001011011100,-79.74451279973658
110100100011,-79.74451279973658
000111111000,-79.74004074442973
111000000111,-79.74004074442972
111000001111,-79.7358188518721
000111110000,-79.73581885187208
000111100011,-79.73489862242377
111000011100,-79.73489862242377
001101001110,-79.73483689721519
110010110001,-79.73483689721519
001011001111,-79.72610478956031
110100110000,-79.72610478956031
100000101111,-79.72075251934359
011111010000,-79.72075251934358
101001101100,-79.71980134338438
010110010011,-79.71980134338435
000110110101,-79.71694179249013
111001001010,-79.71694179249013
010001101001,-79.71013172112598
101110010110,-79.71013172112598
010101001101,-79.70820929133438
101010110010,-79.70820929133438
011100110000,-79.70578745741793
100011001111,-79.70578745741793
001000101111,-79.70031122613685
110111010000,-79.70031122613683
000111010001,-79.69935501505414
111000101110,-79.69935501505412
000101110011,-79.69494523471877
111010001100,-79.69494523471877
001110110001,-79.69133682145716
110001001110,-79.69133682145716
001011101110,-79.6892328081753
110100010001,-79.68923280817529
001001011111,-79.68574798317734
110110100000,-79.68574798317734
010110110010,-79.68266696695
101001001101,-79.68266696695
011101001001,-79.68235584119364
100010110110,-79.68235584119364
010100110100,-79.67986552299885
101011001011,-79.67986552299885
011010011110,-79.6733492639261
100101100001,-79.6733492639261
010011110000,-79.67128162194685
101100001111,-79.67128162194685
010101101100,-79.67059724591239
101010010011,-79.67059724591239
011001001110,-79.67022738220645
100110110001,-79.67022738220643
011100010001,-79.6680763961362
100011101110,-79.6680763961362
011110100000,-79.66451400239148
100001011111,-79.66451400239148
001010110110,-79.66104662889035
110101001001,-79.66104662889033
101010011101,-79.66078922021873
010101100010,-79.66078922021872
010011100101,-79.6544869464214
101100011010,-79.6544869464214
001101100001,-79.65184159306585
110010011110,-79.65184159306585
001001111110,-79.64722757466728
110110000001,-79.64722757466727
000100111001,-79.64721281817498
111011000110,-79.64721281817498
011101101000,-79.64370014237915
100010010111,-79.64370014237915
101011010100,-79.64266866281474
010100101011,-79.64266866281471
010100010101,-79.64111080832461
101011101010,-79.64111080832461
101001011011,-79.63745193403497
010110100100,-79.63745193403496
010011010001,-79.6321875683688
101100101110,-79.6321875683688
010010111001,-79.63187409147847
101101000110,-79.63187409147847
011011100001,-79.62715516745784
100100011110,-79.62715516745783
011110000001,-79.6251545139847
100001111110,-79.6251545139847
000101100101,-79.62443910709742
111010011010,-79.6244391070974
001010010111,-79.62155185017912
110101101000,-79.62155185017912
101010111100,-79.62128441674618
010101000011,-79.62128441674616
011100100101,-79.61811286220218
100011011010,-79.61811286220218
010101011000,-79.61546002129582
101010100111,-79.61546002129582
101110001010,-79.61098667355877
010001110101,-79.61098667355876
001100011110,-79.60465740347169
110011100001,-79.60465740347169
001110011110,-79.60436931061534
110001100001,-79.60436931061534
111001010110,-79.60340614933685
000110101001,-79.60340614933683
010110000101,-79.59704879223567
101001111010,-79.59704879223567
001011011010,-79.59542640043188
110100100101,-79.59542640043188
101000100111,-79.59345744904088
010111011000,-79.59345744904087
010111000011,-79.58748447261505
101000111100,-79.58748447261505
000111100101,-79.58422259196985
111000011010,-79.58422259196985
100110001110,-79.58251476065774
011001110001,-79.58251476065773
011001100001,-79.5813990427203
100110011110,-79.5813990427203
101111000110,-79.57645958082549
010000111001,-79.57645958082547
010111001000,-79.57034073602308
101000110111,-79.57034073602308
010110010101,-79.56666507881688
101001101010,-79.56666507881688
000011011110,-79.56655772615748
111100100001,-79.56655772615747
000110111001,-79.56010123569948
111001000110,-79.56010123569948
001110001110,-79.55910034802811
110001110001,-79.55910034802811
001111100001,-79.5550716246749
110000011110,-79.5550716246749
010001100101,-79.55217736842047
101110011010,-79.55217736842047
101000011101,-79.54522322798431
010111100010,-79.5452232279843
101010101100,-79.541240192509
010101010011,-79.54124019250898
000101110101,-79.53784895194087
111010001010,-79.53784895194087
011110010001,-79.53707721336505
100001101110,-79.53707721336505
011011001110,-79.53465082928204
100100110001,-79.53465082928204
100111100001,-79.53111126365395
011000011110,-79.53111126365394
010010101001,-79.52977954482101
101101010110,-79.52977954482101
010110110100,-79.52365374538782
101001001011,-79.5236537453878
101011001101,-79.52041840598787
010100110010,-79.52041840598785
001001101110,-79.51276559352297
110110010001,-79.51276559352296
001100110001,-79.51029223665157
110011001110,-79.51029223665157
110010001110,-79.50755785070845
001101110001,-79.50755785070844
001010101111,-79.49962566299189
110101010000,-79.49962566299187
101010001101,-79.4973305207532
010101110010,-79.49733052075317
011110110000,-79.49302222654347
100001001111,-79.49302222654347
010011101001,-79.4877316785824
101100010110,-79.4877316785824
011001011110,-79.48635470337297
100110100001,-79.48635470337295
011010001110,-79.48268084104404
100101110001,-79.48268084104403
000100110101,-79.47934375442114
111011001010,-79.47934375442114
101011010010,-79.47757649307923
010100101101,-79.47757649307921
101011101100,-79.47578673431893
010100010011,-79.47578673431892
100010101111,-79.47459892431743
011101010000,-79.47459892431742
101001011101,-79.47158456469997
010110100010,-79.47158456469995
111100001110,-79.46912549541422
000011110001,-79.4691254954142
001001001111,-79.46787152680469
110110110000,-79.46787152680466
001110100001,-79.46107946209901
110001011110,-79.461079462099
001111001110,-79.45673425116229
110000110001,-79.45673425116229
000101100011,-79.45665479897815
111010011100,-79.45665479897815
001000111111,-79.45001692064818
110111000000,-79.45001692064818
000101111000,-79.44999954910794
111010000111,-79.44999954910794
011100101001,-79.44586545044567
100011010110,-79.44586545044567
101010101011,-79.44281939740557
010101010100,-79.44281939740554
010001111001,-79.43768516606787
101110000110,-79.43768516606787
011000110001,-79.43091306149702
100111001110,-79.43091306149702
000110100101,-79.42899084593111
111001011010,-79.42899084593111
101001111100,-79.42530446590598
010110000011,-79.42530446590597
100000111111,-79.42407353333027
011111000000,-79.42407353333026
001011010110,-79.4198468316103
110100101001,-79.4198468316103
010110011000,-79.4185025170538
101001100111,-79.4185025170538
101000111010,-79.41438021131164
010111000101,-79.41438021131162
000111101001,-79.40702219799441
111000010110,-79.4070221979944
001101011110,-79.40556475808685
110010100001,-79.40556475808685
111010100110,-79.40300955608654
000101011001,-79.40300955608653
000111101000,-79.39858937143414
111000010111,-79.39858937143413
010000110101,-79.3981453909352
101111001010,-79.3981453909352
010111000100,-79.39115387248093
101000111011,-79.39115387248091
101001100110,-79.3869561725129
010110011001,-79.38695617251288
001011010111,-79.38558226190335
110100101000,-79.38558226190334
100000111110,-79.38124634959783
011111000001,-79.38124634959782
011010100001,-79.37882691977812
100101011110,-79.3788269197781
101110011100,-79.37414895850874
010001100011,-79.37414895850873
010001111000,-79.36711421560989
101110000111,-79.36711421560989
010111100100,-79.36624200968618
101000011011,-79.36624200968618
010101010101,-79.36171567888158
101010101010,-79.36171567888158
011100101000,-79.35849495180847
100011010111,-79.35849495180847
000101111001,-79.35410231831352
111010000110,-79.35410231831352
001000111110,-79.3540838079855
110111000001,-79.35408380798549
111000110110,-79.34995095128768
000111001001,-79.34995095128767
010010100101,-79.34491911527883
101101011010,-79.34491911527883
010110111000,-79.33795255607535
101001000111,-79.33795255607535
001011110110,-79.33653569718982
110100001001,-79.33653569718982
011111100000,-79.33206449457987
100000011111,-79.33206449457987
101001011100,-79.33075765255313
010110100011,-79.33075765255312
100010101110,-79.32744168323032
011101010001,-79.3274416832303
010100101100,-79.32415247187888
101011010011,-79.32415247187888
011010001111,-79.3184819163009
100101110000,-79.3184819163009
101110100110,-79.31749400582841
010001011001,-79.3174940058284
010011101000,-79.31283067076976
101100010111,-79.31283067076974
101010001011,-79.31192905013108
010101110100,-79.31192905013107
100011110110,-79.30860930719825
011100001001,-79.30860930719822
001000011111,-79.30406287307082
110111100000,-79.30406287307082
001010101110,-79.29936249297454
110101010001,-79.29936249297451
000100110011,-79.29159144956594
111011001100,-79.29159144956594
001101110000,-79.29025299703505
110010001111,-79.29025299703505
001001101111,-79.28421578252633
110110010000,-79.28421578252633
100010001111,-79.27661140108731
011101110000,-79.2766114010873
101011001100,-79.27526143648635
010100110011,-79.27526143648633
101011110010,-79.27322317387613
010100001101,-79.27322317387612
011010101110,-79.26738237356025
100101010001,-79.26738237356024
100111100000,-79.26258228155615
011000011111,-79.26258228155612
101100110110,-79.2615620338632
010011001001,-79.26156203386319
011110010000,-79.25542147343818
100001101111,-79.25542147343816
111010001011,-79.25449057570435
000101110100,-79.25449057570434
101010101101,-79.25038736469375
010101010010,-79.25038736469374
001010001111,-79.2476931309348
110101110000,-79.24769313093478
001101010001,-79.23831437439769
110010101110,-79.23831437439769
111001011100,-79.23481828875192
000110100011,-79.23481828875191
001111100000,-79.23343671364682
110000011111,-79.23343671364682
001110001111,-79.22843324203258
110001110000,-79.22843324203258
000110111000,-79.22718548547988
111001000111,-79.22718548547986
111100100000,-79.21909107198273
000011011111,-79.21909107198272
010110010100,-79.21895581632685
101001101011,-79.21895581632685
101000110110,-79.21431146782285
010111001001,-79.21431146782284
011000111110,-79.20983431169043
100111000001,-79.20983431169043
000101010101,-79.20150829967447
111010101010,-79.20150829967446
101111001100,-79.20014898428752
010000110011,-79.20014898428751
011001110000,-79.19874172573196
100110001111,-79.19874172573196
000111100100,-79.19653415837865
111000011011,-79.19653415837863
101000111101,-79.19230158744513
010111000010,-79.19230158744512
001011011011,-79.18190622369397
110100100100,-79.18190622369397
001111000001,-79.1798496638844
110000111110,-79.1798496638844
110001010001,-79.17470348253185
001110101110,-79.17470348253184
000110011001,-79.17342019713703
111001100110,-79.17342019713703
001100011111,-79.16966024012149
110011100000,-79.16966024012149
111100000001,-79.16509587765324
000011111110,-79.16509587765323
010001110100,-79.16116011606984
101110001011,-79.16116011606984
010111101000,-79.16018098318892
101000010111,-79.16018098318892
101010100110,-79.15510069574091
010101011001,-79.1551006957409
011100100100,-79.15148675653404
100011011011,-79.15148675653404
011001010001,-79.1441728863345
100110101110,-79.1441728863345
000111000101,-79.14190345522371
111000111010,-79.14190345522371
010010100011,-79.14050245630716
101101011100,-79.14050245630716
011011100000,-79.1390520751774
100100011111,-79.13905207517739
011011010110,-79.13549185620796
100100101001,-79.13549185620796
010010111000,-79.13249016000648
101101000111,-79.13249016000648
001011111010,-79.12686737597198
110100000101,-79.12686737597198
010110100101,-79.1246684755489
101001011010,-79.1246684755489
101011010101,-79.11728809527516
010100101010,-79.11728809527514
001100111110,-79.11428205349569
110011000001,-79.11428205349569
111110000110,-79.11426096318628
000001111001,-79.11426096318627
010001010101,-79.10554762327988
101110101010,-79.10554762327988
001100101001,-79.104363285625
110011010110,-79.104363285625
010011100100,-79.10033033157781
101100011011,-79.1003303315778
101010000111,-79.09932178398194
010101111000,-79.09932178398192
100011111010,-79.09560882891535
011100000101,-79.09560882891532
010101100011,-79.09114932705788
101010011100,-79.09114932705788
001010110111,-79.09077226186662
110101001000,-79.09077226186662
100001011110,-79.08567702134229
011110100001,-79.08567702134228
011011000001,-79.08283480865488
100100111110,-79.08283480865487
011001001111,-79.07721547644931
100110110000,-79.07721547644931
010010011001,-79.07609465490356
101101100110,-79.07609465490356
010011110001,-79.07564509271842
101100001110,-79.07564509271842
000100101101,-79.06499425788404
111011010010,-79.06499425788404
101011001010,-79.06275200715812
010100110101,-79.06275200715811
010100001011,-79.0604818402777
101011110100,-79.0604818402777
100010110111,-79.05897554523969
011101001000,-79.05897554523968
001001011110,-79.0538050731979
110110100001,-79.05380507319788
111100010110,-79.05203809882002
000011101001,-79.05203809882
001110110000,-79.04521898676975
110001001111,-79.04521898676975
010011000101,-79.04306941166277
101100111010,-79.04306941166277
000101110010,-79.03963031214303
111010001101,-79.03963031214303
001111010110,-79.03635380734906
110000101001,-79.03635380734906
011100110001,-79.02262041901405
100011001110,-79.02262041901405
100110010001,-79.01934063838722
011001101110,-79.0193406383872
010101001100,-79.01877547281728
101010110011,-79.01877547281728
000110110100,-79.0047704352396
111001001011,-79.00477043523958
011000101001,-79.0037626397313
100111010110,-79.0037626397313
101001101101,-79.00013553455511
010110010010,-79.0001355345551
001011001110,-78.9898318222262
110100110001,-78.98983182222617
001110010001,-78.98650506881096
110001101110,-78.98650506881096
111010101100,-78.98077107911845
000101010011,-78.98077107911844
001101001111,-78.97535681020565
110010110000,-78.97535681020565
000111100010,-78.97525364249334
111000011101,-78.97525364249333
000111110001,-78.97371414139127
111000001110,-78.97371414139127
010000101101,-78.96257442365895
101111010010,-78.96257442365895
001011011101,-78.95903607665946
110100100010,-78.95903607665946
011110001110,-78.95578716538662
100001110001,-78.95578716538662
010011011110,-78.9451665815769
101100100001,-78.9451665815769
000110010101,-78.94501286388828
111001101010,-78.94501286388828
011010110000,-78.94189772349132
100101001111,-78.94189772349132
010001110010,-78.93605575071605
101110001101,-78.93605575071605
011100100010,-78.92534858231467
100011011101,-78.92534858231467
001001110001,-78.9220543885979
110110001110,-78.9220543885979
110010010001,-78.91485175538348
001101101110,-78.91485175538347
000111000011,-78.9147459823437
111000111100,-78.9147459823437
000111011000,-78.90589125197528
111000100111,-78.90589125197528
011011011010,-78.9029551854768
100100100101,-78.9029551854768
010010110100,-78.89962998362975
101101001011,-78.89962998362975
001011111100,-78.89812027194279
110100000011,-78.89812027194276
000010111111,-78.89650647178057
111101000000,-78.89650647178057
010110101001,-78.89096753940188
101001010110,-78.89096753940188
001011100111,-78.88920665364532
110100011000,-78.88920665364532
011100011110,-78.8890748439494
100011100001,-78.8890748439494
101011011001,-78.8827967474589
010100100110,-78.88279674745888
011010010001,-78.88055358877243
100101101110,-78.88055358877243
000001110101,-78.87944623112442
111110001010,-78.8794462311244
010001010011,-78.87456630093139
101110101100,-78.87456630093139
010011100010,-78.86880571390003
101100011101,-78.86880571390002
001100100101,-78.86849445782877
110011011010,-78.86849445782876
100011111100,-78.86359369770128
011100000011,-78.86359369770125
011010010111,-78.86316665308703
100101101000,-78.86316665308703
101010011010,-78.85867190099373
010101100101,-78.85867190099371
011100011000,-78.85455901524816
100011100111,-78.85455901524816
001011100001,-78.85442541851721
110100011110,-78.8544254185172
001010111011,-78.85346403099902
110101000100,-78.85346403099902
000010111001,-78.8470050528754
111101000110,-78.8470050528754
111000100001,-78.83740259491296
000111011110,-78.83740259491294
010010010101,-78.83724219551836
101101101010,-78.83724219551834
111011010100,-78.82982469343614
000100101011,-78.82982469343611
001101101000,-78.82816775586872
110010010111,-78.8281677558687
101011000110,-78.82250483135923
010100111001,-78.8225048313592
001001110111,-78.82069702697301
110110001000,-78.82069702697301
101011111000,-78.81999820945298
010100000111,-78.81999820945296
100010111011,-78.81833515730702
011101000100,-78.818335157307
011101100001,-78.81499431658766
100010011110,-78.81499431658766
101011100011,-78.81081294656377
010100011100,-78.81081294656376
000011100101,-78.81067712710626
111100011010,-78.81067712710626
010011000011,-78.8056678369903
101100111100,-78.8056678369903
011010110110,-78.79989252701787
100101001001,-78.79989252701787
010011011000,-78.79643361359324
101100100111,-78.79643361359322
001111011010,-78.79337201048145
110000100101,-78.79337201048145
011110001000,-78.78513273993237
100001110111,-78.78513273993237
000101101100,-78.78398478902747
111010010011,-78.78398478902747
001010011110,-78.77935479802956
110101100001,-78.77935479802956
101010110101,-78.77892618051276
010101001010,-78.77892618051274
001101001001,-78.76405454990284
110010110110,-78.76405454990282
000110110010,-78.76352192261834
111001001101,-78.76352192261834
011000100101,-78.75744868579862
100111011010,-78.75744868579861
110001101000,-78.75189650807957
001110010111,-78.75189650807955
010110001100,-78.74024653731051
101001110011,-78.74024653731051
101000101110,-78.73454154913111
010111010001,-78.7345415491311
100111010000,-78.73285604931134
011000101111,-78.73285604931132
000101001101,-78.71882792966908
111010110010,-78.71882792966906
101111010100,-78.71716075741855
010000101011,-78.71716075741854
011001101000,-78.71543501382646
100110010111,-78.71543501382646
000110010011,-78.69788739427234
111001101100,-78.69788739427234
001111010000,-78.69615015309972
110000101111,-78.69615015309972
001110110110,-78.68599216525033
110001001001,-78.68599216525033
111100010000,-78.67812702263647
000011101111,-78.67812702263646
100010110001,-78.67007887885222
011101001110,-78.67007887885221
010001101100,-78.6694328586538
101110010011,-78.6694328586538
010111110000,-78.66823648116868
101000001111,-78.66823648116868
011011011100,-78.65177985059809
100100100011,-78.65177985059807
010010011111,-78.6500154079065
101101100000,-78.6500154079065
000111010100,-78.64984400907676
111000101011,-78.64984400907674
011001001001,-78.64869159110049
100110110110,-78.64869159110049
101101001101,-78.64813736921604
010010110010,-78.64813736921602
011011000111,-78.64203537788076
100100111000,-78.64203537788076
001010110001,-78.63257853164978
110101001110,-78.63257853164978
001011101011,-78.63153858559295
110100010100,-78.63153858559293
111110001100,-78.62603667792644
000001110011,-78.62603667792641
001100101111,-78.61623507015904
110011010000,-78.61623507015904
110011011100,-78.6140510957652
001100100011,-78.61405109576519
111110000000,-78.60421129024974
000001111111,-78.60421129024972
001100111000,-78.60418555889221
110011000111,-78.6041855588922
100101100100,-78.6029900727061
011010011011,-78.60299007270609
010001001101,-78.60164578253534
101110110010,-78.60164578253534
010101101001,-78.59806488801001
101010010110,-78.59806488801001
001010111101,-78.5976089682637
110101000010,-78.59760896826369
011100010100,-78.59355879013069
100011101011,-78.59355879013069
000010110101,-78.58528424397687
111101001010,-78.58528424397686
010010111110,-78.58179265222137
101101000001,-78.58179265222137
010010010011,-78.57987262410992
101101101100,-78.57987262410992
011011010000,-78.57806657691265
100100101111,-78.57806657691265
011011100110,-78.57363438361523
100100011001,-78.57363438361523
100110101000,-78.5672348588074
011001010111,-78.56723485880738
000100100111,-78.56647271309805
111011011000,-78.56647271309805
001101100100,-78.56465901842272
110010011011,-78.5646590184227
100010111101,-78.55921206738685
011101000010,-78.55921206738682
001001111011,-78.55648271926873
110110000100,-78.55648271926873
000100111100,-78.55645659578897
111011000011,-78.55645659578897
010100011010,-78.55099565752329
101011100101,-78.55099565752329
000011100011,-78.55084732158429
111100011100,-78.55084732158429
000011111000,-78.54078224376734
111100000111,-78.54078224376734
001100011001,-78.53494548472995
110011100110,-78.53494548472995
100101000101,-78.53372366362846
011010111010,-78.53372366362845
001111011100,-78.53195257381026
110000100011,-78.53195257381024
111001100000,-78.53011932509399
000110011111,-78.53011932509398
010011010100,-78.52994124455827
101100101011,-78.52994124455826
001110101000,-78.52846839117537
110001010111,-78.52846839117535
110000111000,-78.52182860806431
001111000111,-78.5218286080643
000101101010,-78.52170726587343
111010010101,-78.52170726587343
011110000100,-78.51758627516301
100001111011,-78.51758627516301
010101000110,-78.51080264003824
101010111001,-78.51080264003824
011001110110,-78.49718543741679
100110001001,-78.49718543741679
001101000101,-78.49455352944837
110010111010,-78.49455352944835
011000100011,-78.49276122194257
100111011100,-78.49276122194257
000100011101,-78.4861728682342
111011100010,-78.4861728682342
011000111000,-78.48251619204095
100111000111,-78.48251619204095
001110011011,-78.48127480156218
110001100100,-78.48127480156218
000110101100,-78.47959929413467
111001010011,-78.47959929413466
101001110101,-78.47400899594606
010110001010,-78.47400899594605
000011011001,-78.47015917730877
111100100110,-78.47015917730877
000110111110,-78.45926635264877
111001000001,-78.45926635264877
001110001001,-78.45757988988805
110001110110,-78.45757988988804
001111100110,-78.45079739703868
110000011001,-78.45079739703867
111010110100,-78.45067344952035
000101001011,-78.45067344952034
110010101000,-78.44415472182459
001101010111,-78.44415472182457
010000100111,-78.44336365094404
101111011000,-78.44336365094404
011001100100,-78.44148115024402
100110011011,-78.44148115024402
101111000011,-78.43296804060634
010000111100,-78.43296804060631
011110010110,-78.42061398601649
100001101001,-78.42061398601649
010011001111,-78.41207029177744
101100110000,-78.41207029177743
100111100110,-78.41064590111863
011000011001,-78.41064590111861
110001000101,-78.40937817572447
001110111010,-78.40937817572446
000110001101,-78.40766713945484
111001110010,-78.40766713945483
011010101000,-78.40392565715777
100101010111,-78.40392565715777
101110010101,-78.39691123370731
010001101010,-78.3969112337073
001001101001,-78.3801112312753
110110010110,-78.38011123127528
000111010010,-78.3756105807547
111000101101,-78.37561058075468
001101110110,-78.3714750836739
110010001001,-78.3714750836739
100110111010,-78.36874544450959
011001000101,-78.36874544450956
100100110100,-78.36149896031506
011011001011,-78.36149896031503
101111100010,-78.36005409629148
010000011101,-78.36005409629146
001011101101,-78.35571552612167
110100010010,-78.35571552612166
010010101100,-78.35323737178567
101101010011,-78.35323737178567
011100001111,-78.34490042583005
100011110000,-78.34490042583005
101001001110,-78.34286674724186
010110110001,-78.34286674724184
010011101110,-78.33872066789593
101100010001,-78.33872066789593
010001011111,-78.33186366698962
101110100000,-78.33186366698962
011010001001,-78.33040693911036
100101110110,-78.33040693911036
000001101101,-78.32908252829128
111110010010,-78.32908252829128
011010011101,-78.32470677912127
100101100010,-78.32470677912127
010001001011,-78.32324720059412
101110110100,-78.32324720059412
001100110100,-78.32031698426142
110011001011,-78.32031698426141
011100010010,-78.31446770347458
100011101101,-78.31446770347458
000010110011,-78.30548644171894
111101001100,-78.30548644171894
001011110000,-78.30352975199227
110100001111,-78.30352975199226
011011101010,-78.28710568304105
100100010101,-78.28710568304103
111000110000,-78.28323758415591
000111001111,-78.2832375841559
001101100010,-78.28310769765304
110010011101,-78.28310769765304
100110100100,-78.28015220158979
011001011011,-78.28015220158977
010010001101,-78.27867500034577
101101110010,-78.27867500034577
001001111101,-78.27423940747347
110110000010,-78.27423940747347
000100111010,-78.27421107589899
111011000101,-78.27421107589899
011100101110,-78.27016780965224
100011010001,-78.27016780965224
101011101001,-78.26251227986401
010100010110,-78.262512279864
010001111110,-78.25686561598306
101110000001,-78.25686561598306
000011110100,-78.25142152521904
111100001011,-78.25142152521903
011010111100,-78.24956341304895
100101000011,-78.24956341304893
010011010010,-78.24546371444373
101100101101,-78.24546371444373
110011101010,-78.2450846270907
001100010101,-78.24508462709069
011010100111,-78.23859701323524
100101011000,-78.23859701323524
001110100100,-78.2380535768927
110001011011,-78.23805357689267
011110000010,-78.23207493618291
100001111101,-78.23207493618291
001111001011,-78.23084706436214
110000110100,-78.23084706436214
000101100110,-78.2307153758856
111010011001,-78.2307153758856
001011010001,-78.22795805591774
110100101110,-78.22795805591772
000111101110,-78.20725774351433
111000010001,-78.20725774351432
110010111100,-78.20712525168399
001101000011,-78.20712525168398
100110000101,-78.20411049719071
011001111010,-78.2041104971907
111010100000,-78.20015759220178
000101011111,-78.20015759220176
000100011011,-78.19805039134954
111011100100,-78.19805039134954
001101011000,-78.19603778771462
110010100111,-78.1960377877146
001110011101,-78.19274740618488
110001100010,-78.19274740618488
000110101010,-78.1909335219207
111001010101,-78.19093352192068
100111001011,-78.18820249127373
011000110100,-78.18820249127371
010110000110,-78.17897937863488
101001111001,-78.17897937863486
101001100001,-78.17500271832047
010110011110,-78.17500271832046
000011010101,-78.174806175752
111100101010,-78.174806175752
011111000110,-78.16585355081988
100000111001,-78.16585355081988
001110000101,-78.16117279259689
110001111010,-78.16117279259689
100111001000,-78.15454455820114
011000110111,-78.15454455820112
001111101010,-78.15382357032803
110000010101,-78.15382357032802
000101000111,-78.15368927652403
111010111000,-78.15368927652403
011001100010,-78.14968572768186
100110011101,-78.14968572768186
110010100100,-78.14662693847052
001101011011,-78.1466269384705
000101011100,-78.14245123211856
111010100011,-78.14245123211856
101111000101,-78.14047841892389
010000111010,-78.14047841892386
111010000001,-78.12252932443512
000101111110,-78.1225293244351
001000111001,-78.12249987430843
110111000110,-78.12249987430843
100001100101,-78.12113164697732
011110011010,-78.12113164697729
001110111100,-78.11497382335246
110001000011,-78.11497382335246
111001110100,-78.11312441024619
000110001011,-78.11312441024617
001111001000,-78.11106868403704
110000110111,-78.11106868403702
011000010101,-78.11033991734291
100111101010,-78.11033991734291
001110100111,-78.10362793051013
110001011000,-78.10362793051013
011010100100,-78.10306571673866
100101011011,-78.10306571673863
010001100110,-78.09547421758302
101110011001,-78.09547421758302
000011110111,-78.08975250635476
111100001000,-78.08975250635476
010111100001,-78.08266233379322
101000011110,-78.08266233379322
100010101001,-78.08024034505405
011101010110,-78.08024034505404
001001100101,-78.07729673517105
110110011010,-78.07729673517102
011001000011,-78.07107306495271
100110111100,-78.07107306495271
001101111010,-78.06795501731136
110010000101,-78.06795501731136
000000111101,-78.06792517506246
111111000010,-78.06792517506244
011011001101,-78.06324766999427
100100110010,-78.06324766999427
101111100100,-78.06168751761433
010000011011,-78.06168751761432
011001011000,-78.05960610795472
100110100111,-78.05960610795472
000111001100,-78.05634199450353
111000110011,-78.05634199450353
010010101010,-78.05432749777923
101101010101,-78.05432749777923
001010101001,-78.03597001989914
110101010110,-78.03597001989912
001011110011,-78.03474352380069
110100001100,-78.03474352380069
000001101011,-78.02825571550056
111110010100,-78.02825571550056
011010000101,-78.02355471568276
100101111010,-78.02355471568276
001100110010,-78.0187976667558
110011001101,-78.0187976667558
001100110111,-78.01670210830969
110011001000,-78.01670210830969
101110111000,-78.01581790146138
010001000111,-78.01581790146136
010001011100,-78.00420036402727
101110100011,-78.00420036402727
101010001110,-77.99529874142195
010101110001,-77.99529874142193
011100001100,-77.98999375038596
100011110011,-77.98999375038596
011011101100,-77.98297743572556
100100010011,-77.98297743572556
010010101111,-77.98085732696647
101101010000,-77.98085732696647
000010101101,-77.98025518671568
111101010010,-77.98025518671568
011001011101,-77.975480658945
100110100010,-77.975480658945
101101110100,-77.97388816934463
010010001011,-77.97388816934462
011011001000,-77.9717636371108
100100110111,-77.9717636371108
111011001001,-77.96285934872638
000100110110,-77.96285934872637
111100001101,-77.94451576425502
000011110010,-77.944515764255
110011101100,-77.93768835259038
001100010011,-77.93768835259037
001110100010,-77.93011400706307
110001011101,-77.93011400706307
100101010100,-77.92442840301129
011010101011,-77.92442840301128
001111001101,-77.92235167224888
110000110010,-77.92235167224888
010011001100,-77.9152177592459
101100110011,-77.91521775924588
101000110001,-77.90342844220105
010111001110,-77.90342844220103
011001111100,-77.89356199755125
100110000011,-77.89356199755125
101111000000,-77.89139876621795
010000111111,-77.89139876621792
011001100111,-77.88161804433571
100110011000,-77.88161804433571
000100010111,-77.88070638116845
111011101000,-77.88070638116844
001101010100,-77.87853702042558
110010101011,-77.87853702042557
011000110010,-77.87643907197562
100111001101,-77.87643907197562
000110100110,-77.87303555509618
111001011001,-77.87303555509618
000011010011,-77.86202345779327
111100101100,-77.86202345779327
001110000011,-77.84735626577259
110001111100,-77.84735626577259
100000110101,-77.84601137459592
011111001010,-77.84601137459589
001111101100,-77.83945122122009
110000010011,-77.83945122122009
000110101111,-77.83726230643632
111001010000,-77.83726230643632
001110011000,-77.83529124840138
110001100111,-77.83529124840138
100111000100,-77.83382970832528
011000111011,-77.83382970832527
001101011101,-77.83171129403328
110010100010,-77.83171129403328
111010100101,-77.8272207965278
000101011010,-77.82722079652778
101111001001,-77.81868156561481
010000110110,-77.8186815656148
010101011110,-77.81240913072077
101010100001,-77.81240913072077
100001100011,-77.8042990637558
011110011100,-77.80429906375579
001000110101,-77.7993255410194
110111001010,-77.79932554101939
011000010011,-77.7926995410501
100111101100,-77.7926995410501
100001111000,-77.7921223164936
011110000111,-77.79212231649359
111001111000,-77.7892341604132
000110000111,-77.78923416041319
001111000100,-77.78702167709612
110000111011,-77.7870216770961
011010100010,-77.78488204511655
100101011101,-77.78488204511655
110001010100,-77.77901419414972
001110101011,-77.77901419414971
101100101000,-77.77723391340712
010011010111,-77.7772339134071
000110011100,-77.77701856260589
111001100011,-77.77701856260589
111100000100,-77.76408467425998
000011111011,-77.76408467425996
001001100011,-77.75719612476468
110110011100,-77.75719612476466
100010100101,-77.75385192917818
011101011010,-77.75385192917815
001101111100,-77.74716241587943
110010000011,-77.74716241587942
000000111011,-77.7471303655358
111111000100,-77.7471303655358
111011000000,-77.74493037852143
000100111111,-77.74493037852142
001001111000,-77.74489831334681
110110000111,-77.7448983133468
001101100111,-77.73483896963526
110010011000,-77.73483896963526
000111001010,-77.73469130658876
111000110101,-77.73469130658876
101111101000,-77.73389838129678
010000010111,-77.73389838129677
011001010100,-77.73166021452923
100110101011,-77.73166021452923
010010100110,-77.72598440481828
101101011001,-77.72598440481826
100100101100,-77.7182420364342
011011010011,-77.71824203643419
001011110101,-77.7115032047367
110100001010,-77.71150320473669
011110100110,-77.70686354411234
100001011001,-77.70686354411232
001010100101,-77.7062494469582
110101011010,-77.70624944695818
011010000011,-77.69949408706597
100101111100,-77.69949408706597
100011101000,-77.6989056018921
011100010111,-77.69890560189208
000001100111,-77.69795806685448
111110011000,-77.69795806685447
101100001001,-77.6917097061971
010011110110,-77.69170970619709
011010011000,-77.68704957666614
100101100111,-77.68704957666614
110011000100,-77.68554213229739
001100111011,-77.68554213229737
000001111100,-77.6855096750005
111110000011,-77.6855096750005
010001011010,-77.67872582664401
101110100101,-77.67872582664401
001100101100,-77.6702900824281
110011010011,-77.6702900824281
100011110101,-77.66348540413713
011100001010,-77.66348540413712
001001011001,-77.65880046106884
110110100110,-77.65880046106882
111101010100,-77.65304012486504
000010101011,-77.65304012486503
001011101000,-77.65076495010183
110100010111,-77.65076495010182
101101111000,-77.63955279337519
010010000111,-77.63955279337517
011011000100,-77.63727150403344
100100111011,-77.63727150403344
011011110010,-77.63167417583168
100100001101,-77.63167417583168
000111010111,-77.62717973504644
111000101000,-77.62717973504644
101101100011,-77.62695770253926
010010011100,-77.62695770253924
100011001001,-77.61199840238577
011100110110,-77.61199840238575
010100001110,-77.60310943501602
101011110001,-77.60310943501602
010001101111,-77.6016584114297
101110010000,-77.6016584114297
000001011101,-77.59836816933002
111110100010,-77.59836816933002
011010101101,-77.59319219698969
100101010010,-77.59319219698969
000011101100,-77.59023617781807
111100010011,-77.59023617781807
101100110101,-77.58332296953866
010011001010,-77.58332296953864
001100001101,-77.58288314192885
110011110010,-77.58288314192885
001111010011,-77.56636866974213
110000101100,-77.56636866974213
001011001001,-77.5630186706988
110100110110,-77.56301867069878
001101010010,-77.54403278721915
110010101101,-77.54403278721915
011001101011,-77.54054335727507
100110010100,-77.54054335727507
000111110110,-77.53902531107636
111000001001,-77.53902531107636
011000101100,-77.51695411870125
100111010011,-77.51695411870124
011111001100,-77.50921079463845
100000110011,-77.50921079463845
101001110000,-77.5068712373253
010110001111,-77.50687123732529
000011001101,-77.50144624502252
111100110010,-77.5014462450225
100111000010,-77.4961732499797
011000111101,-77.49617324997969
001110010100,-77.49088440427568
110001101011,-77.49088440427566
111010101001,-77.48223687669693
000101010110,-77.48223687669692
001111110010,-77.47717059237954
110000001101,-77.47717059237954
001000110011,-77.4592569338771
110111001100,-77.4592569338771
000101101111,-77.4462533989242
111010010000,-77.4462533989242
001111000010,-77.44609719156568
110000111101,-77.44609719156568
011110001011,-77.44464023061985
100001110100,-77.44464023061985
110001010010,-77.43753388633567
001110101101,-77.43753388633566
000110011010,-77.43539987795516
111001100101,-77.43539987795516
010011011011,-77.42869773179899
101100100100,-77.42869773179899
011000001101,-77.42691696144192
100111110010,-77.42691696144192
111100000010,-77.42157055758034
000011111101,-77.42157055758032
010110101110,-77.41666383532805
101001010001,-77.41666383532805
100010100011,-77.41063109689674
011101011100,-77.41063109689672
101011100000,-77.40824841700936
010100011111,-77.40824841700933
101011011110,-77.40465238950458
010100100001,-77.40465238950455
100010111000,-77.3974767962327
011101000111,-77.39747679623268
000000110111,-77.39647287970493
111111001000,-77.3964728797049
001001110100,-77.39408407040798
110110001011,-77.39408407040798
011001010010,-77.38691187953033
100110101101,-77.38691187953033
001101101011,-77.38331915643818
110010010100,-77.38331915643818
000111000110,-77.38316114710601
111000111001,-77.383161147106
011011010101,-77.37257348652071
100100101010,-77.37257348652071
001010100011,-77.3597605874919
110101011100,-77.35976058749189
001011111001,-77.35835222010009
110100000110,-77.35835222010007
100001010101,-77.35338917523013
011110101010,-77.35338917523012
001010111000,-77.3464852226722
110101000111,-77.3464852226722
100011100100,-77.34487727636646
011100011011,-77.34487727636645
001100111101,-77.33764157215933
110011000010,-77.33764157215933
000001111010,-77.33760690676775
111110000101,-77.33760690676775
010011111010,-77.33718124158051
101100000101,-77.33718124158051
011010010100,-77.332197606404
100101101011,-77.332197606404
101110101001,-77.3232967806767
010001010110,-77.32329678067669
001100101010,-77.32135350532975
110011010101,-77.32135350532975
010100111110,-77.31639258788707
101011000001,-77.31639258788707
011100000110,-77.30700226243545
100011111001,-77.30700226243545
011101100110,-77.30544272852998
100010011001,-77.30544272852998
001001010101,-77.30199393512153
110110101010,-77.30199393512152
000010100111,-77.29583639938225
111101011000,-77.29583639938225
001011100100,-77.29340446751112
110100011011,-77.29340446751111
011011000010,-77.28610291671053
100100111101,-77.28610291671052
000010111100,-77.28241045412646
111101000011,-77.28241045412645
011011110100,-77.2801286689235
100100001011,-77.28012866892348
101101001000,-77.27769007512786
010010110111,-77.27769007512785
101101100101,-77.27509491609607
010010011010,-77.27509491609605
000111011011,-77.26819842730188
111000100100,-77.26819842730188
000100101110,-77.25699464178979
111011010001,-77.25699464178979
001010011001,-77.2536120750728
110101100110,-77.25361207507277
100011000101,-77.25197779385167
011100111010,-77.25197779385164
000001011011,-77.24458844410256
111110100100,-77.24458844410256
000011101010,-77.23591315726131
111100010101,-77.23591315726131
001100001011,-77.2280696078358
110011110100,-77.2280696078358
010011000110,-77.22134768391943
101100111001,-77.22134768391943
011010110011,-77.21284060566214
100101001100,-77.21284060566214
001111010101,-77.21045601803617
110000101010,-77.21045601803615
001011000101,-77.19966590509961
110100111010,-77.1996659050996
010111010110,-77.18873414767447
101000101001,-77.18873414767447
000010011101,-77.18849365313454
111101100010,-77.18849365313453
011001101101,-77.18291890219355
100110010010,-77.18291890219355
000111111010,-77.1740517203233
111000000101,-77.17405172032329
000100001111,-77.16266709090335
111011110000,-77.16266709090335
001101001100,-77.16017924512397
110010110011,-77.16017924512396
011000101010,-77.15777343981043
100111010101,-77.15777343981043
000011001011,-77.14124626747108
111100110100,-77.14124626747106
001110010010,-77.1299919220093
110001101101,-77.1299919220093
011111010010,-77.1228965345588
100000101101,-77.1228965345588
001111110100,-77.11538098367886
110000001011,-77.11538098367885
000110110111,-77.11287358385856
111001001000,-77.11287358385856
010000101110,-77.09159538793907
101111010001,-77.09159538793907
101010110000,-77.09000577042715
010101001111,-77.09000577042714
011110001101,-77.08073169195629
100001110010,-77.08073169195629
001000101101,-77.06944072302981
110111010010,-77.0694407230298
010011011101,-77.06375538426985
101100100010,-77.06375538426985
000110010110,-77.06350988128764
111001101001,-77.06350988128763
100111110100,-77.06185932555641
011000001011,-77.0618593255564
001110110011,-77.04620492606142
110001001100,-77.04620492606142
001001110010,-77.02690750455957
110110001101,-77.02690750455957
100010110100,-77.02308863352228
011101001011,-77.02308863352226
001101101101,-77.01545059956418
110010010010,-77.01545059956418
011011011001,-76.99655415237075
100100100110,-76.99655415237075
010000001111,-76.99463762029254
101111110000,-76.99463762029254
010101101110,-76.99302307310847
101010010001,-76.99302307310847
011001001100,-76.99208096848847
100110110011,-76.99208096848847
011110101100,-76.98360367957186
100001010011,-76.98360367957186
100011100010,-76.9745484853789
011100011101,-76.97454848537889
001010110100,-76.96876490289671
110101001011,-76.9687649028967
010101100000,-76.96811305900113
101010011111,-76.96811305900113
010011111100,-76.96636193705666
101100000011,-76.96636193705666
011010010010,-76.96106102234515
100101101101,-76.96106102234515
000001110110,-76.9593095112871
111110001001,-76.9593095112871
010011100111,-76.95218525024019
101100011000,-76.95218525024019
001100100110,-76.94200201411473
110011011001,-76.94200201411473
001001010011,-76.92894041227842
110110101100,-76.92894041227842
011101101010,-76.9250622828111
100010010101,-76.9250622828111
001011100010,-76.91980764933872
110100011101,-76.91980764933871
000010111010,-76.90811943683376
111101000101,-76.90811943683376
011011111000,-76.89811705176507
100100000111,-76.89811705176507
101101000100,-76.89552170086151
010010111011,-76.89552170086148
000111011101,-76.89301197798027
111000100010,-76.89301197798027
010010010110,-76.89275979329207
101101101001,-76.89275979329207
011011100011,-76.88378978451249
100100011100,-76.88378978451249
011100111100,-76.87577204586941
100011000011,-76.87577204586941
001010010101,-76.86989947228881
110101101010,-76.86989947228881
101010111110,-76.8692376036319
010101000001,-76.86923760363189
011100100111,-76.86139581810897
100011011000,-76.86139581810897
000001010111,-76.86029876561344
111110101000,-76.86029876561344
000011100110,-76.85106952212877
111100011001,-76.85106952212877
101110001000,-76.84382580516305
010001110111,-76.84382580516304
001100000111,-76.84272583361232
110011111000,-76.8427258336123
011010110101,-76.83418714004785
100101001010,-76.83418714004785
110011100011,-76.82827750220409
001100011100,-76.82827750220407
001111011001,-76.82399155774976
110000100110,-76.82399155774976
001011000011,-76.8201921299325
110100111100,-76.8201921299325
111101100100,-76.80832567884714
000010011011,-76.80832567884713
001011011000,-76.80569483801642
110100100111,-76.80569483801641
101000100101,-76.8008922074081
010111011010,-76.80089220740808
000111111100,-76.792988314007
111000000011,-76.79298831400699
111000011000,-76.77843213416189
000111100111,-76.77843213416187
001101001010,-76.7782577523248
110010110101,-76.7782577523248
100110001100,-76.77429020549788
011001110011,-76.77429020549786
011000100110,-76.76797682245895
100111011001,-76.76797682245895
000011000111,-76.75041034933005
111100111000,-76.75041034933004
011111010100,-76.73867869500862
100000101011,-76.73867869500862
101001101000,-76.73602065265895
010110010111,-76.73602065265894
000011011100,-76.73576247697787
111100100011,-76.73576247697787
001111111000,-76.72292424038397
110000000111,-76.72292424038397
000110111011,-76.72026008345574
111001000100,-76.72026008345574
001110001100,-76.717861274546
110001110011,-76.717861274546
001111100011,-76.70821748010277
110000011100,-76.70821748010277
000101001110,-76.70804129629204
111010110001,-76.70804129629204
001000101011,-76.6819548562948
110111010100,-76.68195485629478
111010001000,-76.6671993219184
000101110111,-76.66719932191839
011000000111,-76.66607042519645
100111111000,-76.66607042519645
100001101100,-76.66536910044297
011110010011,-76.66536910044294
110001001010,-76.65730735865466
001110110101,-76.65730735865465
011000011100,-76.65124260075959
100111100011,-76.65124260075959
010110110110,-76.6336386673332
101001001001,-76.6336386673332
100010110010,-76.63279184579878
011101001101,-76.63279184579876
101011001111,-76.6260199955939
010100110000,-76.62601999559388
000000101111,-76.61075025661208
111111010000,-76.61075025661208
001001101100,-76.60804296227863
110110010011,-76.6080429622786
011001001010,-76.59991537389683
100110110101,-76.59991537389683
001101110011,-76.59584453392182
110010001100,-76.59584453392182
001010110010,-76.57520008798836
110101001101,-76.57520008798835
100001001101,-76.56194346172472
011110110010,-76.56194346172471
101100010100,-76.54965703878905
010011101011,-76.54965703878904
011010001100,-76.53795300593517
100101110011,-76.53795300593515
011101101100,-76.5288885380929
100010010011,-76.5288885380929
010001001110,-76.52787972953267
101110110001,-76.52787972953267
101011010000,-76.52615019213802
010100101111,-76.526150192138
101011101110,-76.52201767202828
010100010001,-76.52201767202826
010110100000,-76.51232698209148
101001011111,-76.51232698209148
001001001101,-76.50377824366365
110110110010,-76.50377824366365
000010110110,-76.50291596451643
111101001001,-76.50291596451643
101101000010,-76.49759443763155
010010111101,-76.49759443763153
011011100101,-76.48516832216225
100100011010,-76.48516832216225
000101100001,-76.47803176833753
111010011110,-76.47803176833753
001010010011,-76.47045770038577
110101101100,-76.47045770038577
100011010100,-76.45337546274033
011100101011,-76.45337546274031
101110000100,-76.43475135406001
010001111011,-76.43475135406
001100011010,-76.42638801266898
110011100101,-76.42638801266898
011010111001,-76.42453561323964
100101000110,-76.42453561323964
101001111110,-76.40667623140082
010110000001,-76.40667623140081
010111011100,-76.39740057024227
101000100011,-76.39740057024227
000010010111,-76.39712992352133
111101101000,-76.39712992352133
001011010100,-76.39434232558268
110100101011,-76.39434232558267
101000111000,-76.38201353597731
010111000111,-76.3820135359773
011001110101,-76.36924849082365
100110001010,-76.36924849082365
000111101011,-76.3654587965743
111000010100,-76.36545879657429
001101000110,-76.36527406845155
110010111001,-76.36527406845154
000100011110,-76.35262556037425
111011100001,-76.35262556037424
000011011010,-76.32848654398437
111100100101,-76.32848654398435
100000100111,-76.32335360220043
011111011000,-76.3233536022004
101001100100,-76.3205388027428
010110011011,-76.32053880274279
000110111101,-76.31208871843332
111001000010,-76.31208871843332
001110001010,-76.30955153268691
110001110101,-76.3095515326869
100000111100,-76.30781598749935
011111000011,-76.30781598749934
001111100101,-76.29935191596006
110000011010,-76.29935191596006
010001100001,-76.29203716624136
101110011110,-76.29203716624134
010111100110,-76.27450468245517
101000011001,-76.27450468245517
101010101000,-76.26448983133275
010101010111,-76.26448983133274
001000100111,-76.2632976064215
110111011000,-76.26329760642149
100001101010,-76.25404330218669
011110010101,-76.25404330218667
111010000100,-76.24767974467892
000101111011,-76.2476797446789
001000111100,-76.24763892756476
110111000011,-76.24763892756476
011000011010,-76.23910900943201
100111100101,-76.23910900943201
110001000110,-76.23721070571001
001110111001,-76.23721070571
000110001110,-76.23464894645471
111001110001,-76.2346489464547
010110111010,-76.21216453440857
101001000101,-76.21216453440857
100000011101,-76.19926348058473
011111100010,-76.1992634805847
001001101010,-76.1934491368375
110110010101,-76.19344913683749
100010101100,-76.18915214891733
011101010011,-76.18915214891732
001101110101,-76.18055871745511
110010001010,-76.18055871745511
011001000110,-76.17648656388712
100110111001,-76.17648656388712
101111100001,-76.16352736880587
010000011110,-76.16352736880586
101010001001,-76.15533255068559
010101110110,-76.15533255068556
100001001011,-76.14474070647374
011110110100,-76.14474070647373
001000011101,-76.13824734075342
110111100010,-76.13824734075342
010011101101,-76.13176177882315
101100010010,-76.13176177882315
001010101100,-76.12805844033929
110101010011,-76.12805844033926
011010001010,-76.1193991622836
100101110101,-76.1193991622836
000001101110,-76.11743059805448
111110010001,-76.11743059805448
000100110001,-76.11124616974892
111011001110,-76.11124616974892
001001001011,-76.08330746122783
110110110100,-76.08330746122782
100010001101,-76.07895121487765
011101110010,-76.07895121487763
011011101001,-76.05515695816928
100100010110,-76.05515695816926
010010001110,-76.04267738771999
101101110001,-76.04267738771999
100011010010,-76.03009375931602
011100101101,-76.030093759316
101010101111,-76.0227661742658
010101010000,-76.02276617426578
001010001101,-76.01701842640287
110101110010,-76.01701842640287
010001111101,-76.01043584177012
101110000010,-76.01043584177012
000001001111,-76.0062452690523
111110110000,-76.0062452690523
001100010110,-75.99304449161093
110011101001,-75.99304449161093
000110100001,-75.9896138367204
111001011110,-75.9896138367204
001011010010,-75.96779259497353
110100101101,-75.96779259497352
101000110100,-75.94617184887638
010111001011,-75.94617184887636
000111101101,-75.93731943481592
111000010010,-75.93731943481592
100110000110,-75.93269088717878
011001111001,-75.93269088717877
010000110001,-75.91631494284374
101111001110,-75.91631494284374
101000111111,-75.89982122480266
010111000000,-75.89982122480265
101001100010,-75.88993920687088
010110011101,-75.88993920687085
000011010110,-75.8896508790088
111100101001,-75.8896508790088
011111000101,-75.87652219250714
100000111010,-75.87652219250712
001110000110,-75.86966177197698
110001111001,-75.86966177197695
001111101001,-75.85889542583064
110000010110,-75.85889542583062
101000010101,-75.83267071234579
010111101010,-75.83267071234576
101010100100,-75.82210190457994
010101011011,-75.82210190457991
000101111101,-75.81312013059656
111010000010,-75.81312013059656
001000111010,-75.8130771053877
110111000101,-75.81307710538769
100001100110,-75.81107829972872
011110011001,-75.81107829972869
011000010110,-75.79532036223752
100111101001,-75.7953203622375
010010100001,-75.79180924264888
101101011110,-75.79180924264888
010110111100,-75.77568798154195
101001000011,-75.77568798154195
011111100100,-75.76209272859779
100000011011,-75.76209272859779
010110100111,-75.7590790201806
101001011000,-75.7590790201806
011101010101,-75.75143810160111
100010101010,-75.75143810160111
001001100110,-75.74715197731445
110110011001,-75.74715197731445
101011010111,-75.74386735823958
010100101000,-75.74386735823957
001101111001,-75.7335559876738
110010000110,-75.7335559876738
000000111110,-75.73351257034271
111111000001,-75.7335125703427
101010000101,-75.70695234092427
010101111010,-75.70695234092426
001000011011,-75.69780856158165
110111100100,-75.69780856158165
011110111000,-75.69578342100729
100001000111,-75.69578342100728
001010101010,-75.68707636583822
110101010101,-75.68707636583822
100001011100,-75.67902387920984
011110100011,-75.67902387920982
011010000110,-75.66906427543721
100101111001,-75.6690642754372
010011110011,-75.65854812628346
101100001100,-75.65854812628346
100010001011,-75.63536021056673
011101110100,-75.63536021056672
101011001000,-75.63230337957532
010100110111,-75.63230337957529
001001000111,-75.6310180186963
110110111000,-75.63101801869628
101011110110,-75.62769045134547
010100001001,-75.62769045134544
000000011111,-75.61720037314416
111111100000,-75.61720037314416
001001011100,-75.61413741274319
110110100011,-75.61413741274318
000010101110,-75.60637169685576
111101010001,-75.60637169685576
000101110000,-75.5854329041887
111010001111,-75.58543290418869
001010001011,-75.57015939490711
110101110100,-75.57015939490711
100011001100,-75.5511081046671
011100110011,-75.55110810466708
101001101111,-75.50593292273626
010110010000,-75.50593292273625
101000110010,-75.4956042562685
010111001101,-75.49560425626849
000010001111,-75.48841107253216
111101110000,-75.48841107253214
001011001100,-75.48530498955697
110100110011,-75.48530498955695
111010101110,-75.46720301926746
000101010001,-75.46720301926744
000111100000,-75.45619706232452
111000011111,-75.4561970623245
000111110011,-75.45312841332955
111000001100,-75.45312841332955
001011011111,-75.42392060109813
110100100000,-75.42392060109813
100000110110,-75.41319735286437
011111001001,-75.41319735286436
101110001111,-75.37836958113498
010001110000,-75.37836958113496
010111101100,-75.3762261627432
101000010011,-75.3762261627432
101010100010,-75.36511405964806
010101011101,-75.36511405964805
011100100000,-75.3572185884311
100011011111,-75.35721858843108
001000110110,-75.34642010867987
110111001001,-75.34642010867985
000111000001,-75.3363187502782
111000111110,-75.3363187502782
001011111110,-75.30363414448476
110100000001,-75.30363414448476
011111101000,-75.29277560594656
100000010111,-75.29277560594656
010110101011,-75.28960514042143
101001010100,-75.28960514042143
100010100110,-75.28156702230646
011101011001,-75.28156702230645
101011011011,-75.27360306681116
010100100100,-75.27360306681115
010001010001,-75.25750947945363
101110101110,-75.25750947945363
010011100000,-75.24626037210444
101100011111,-75.24626037210443
101010000011,-75.24408753899772
010101111100,-75.2440875389977
100011111110,-75.23609305192102
011100000001,-75.236093051921
101010011000,-75.22650102423452
010101100111,-75.2265010242345
001000010111,-75.22515928186536
110111101000,-75.22515928186533
011110100101,-75.2147451685168
100001011010,-75.2147451685168
001010100110,-75.2138731294785
110101011001,-75.21387312947847
010011110101,-75.19323560672484
101100001010,-75.19323560672484
000100101001,-75.1704570869775
111011010110,-75.1704570869775
100010000111,-75.1594968482636
011101111000,-75.15949684826359
101011000100,-75.15628326016426
010100111011,-75.15628326016423
101011111010,-75.15143387690857
010100000101,-75.15143387690856
001001011010,-75.14659067486531
110110100101,-75.1465906748653
100010011100,-75.14175975306432
011101100011,-75.14175975306429
010011000001,-75.12375184329804
101100111110,-75.12375184329804
011011110001,-75.10821024056042
100100001110,-75.10821024056042
001010000111,-75.09096387553892
110101111000,-75.0909638755389
011100110101,-75.08040914165007
100011001010,-75.08040914165005
001010011100,-75.07310571618396
110101100011,-75.07310571618395
101010110111,-75.07228266344319
010101001000,-75.07228266344318
000001011110,-75.0611685473275
111110100001,-75.0611685473275
000110110000,-75.04274309327313
111001001111,-75.04274309327312
001100001110,-75.0393277960496
110011110001,-75.0393277960496
001011001010,-75.0113379993551
110100110101,-75.01133799935508
101000101100,-74.98737960354303
010111010011,-74.98737960354302
000111110101,-74.97757179197846
111000001010,-74.97757179197846
010000101001,-74.95430438933317
101111010110,-74.95430438933317
000011001110,-74.92477573787983
111100110001,-74.92477573787981
000110010001,-74.91773791303045
111001101110,-74.91773791303045
110000001110,-74.89072723748265
001111110001,-74.89072723748264
101000001101,-74.86170388368393
010111110010,-74.8617038836839
011011011110,-74.83071750561372
100100100001,-74.83071750561372
010010110000,-74.82386977824405
101101001111,-74.82386977824405
011000001110,-74.82038219593704
100111110001,-74.82038219593704
010110101101,-74.80605263211274
101001010010,-74.80605263211274
010100100010,-74.78927535890298
101011011101,-74.78927535890298
111110001110,-74.78240363892232
000001110001,-74.7824036389223
001100100001,-74.75997423245857
110011011110,-74.75997423245857
101010010100,-74.73012106763866
010101101011,-74.73012106763865
001010111111,-74.7292707126684
110101000000,-74.72927071266838
011110101001,-74.7177881362158
100001010110,-74.71778813621579
010010010001,-74.69623438124128
101101101110,-74.69623438124128
101100000110,-74.69522447868947
010011111001,-74.69522447868945
000100100101,-74.67133216302729
111011011010,-74.67133216302727
101011000010,-74.66631049953158
010100111101,-74.66631049953156
101011111100,-74.66122921200571
010100000011,-74.6612292120057
011101000000,-74.65785929346927
100010111111,-74.65785929346927
011101100101,-74.65109279331134
100010011010,-74.65109279331134
001001010110,-74.64630148549924
110110101001,-74.64630148549921
101011100111,-74.64262989127735
010100011000,-74.64262989127734
111100011110,-74.64235511036566
000011100001,-74.64235511036564
001111011110,-74.60740146719913
110000100001,-74.60740146719913
000101101000,-74.58848753127751
111010010111,-74.5884875312775
001010011010,-74.57917072924614
110101100101,-74.57917072924613
011100111001,-74.57690586969716
100011000110,-74.57690586969716
010101000100,-74.56838617935654
101010111011,-74.56838617935654
011000100001,-74.53519559700919
100111011110,-74.53519559700919
001011000110,-74.50450257033712
110100111001,-74.50450257033711
010110001000,-74.5007840574856
101001110111,-74.5007840574856
101000101010,-74.48939475134245
010111010101,-74.48939475134243
000010011110,-74.4890624715089
111101100001,-74.48906247150889
000111111001,-74.46911553780663
111000000110,-74.46911553780663
000101001001,-74.45808306302774
111010110110,-74.45808306302774
010000100101,-74.44473433924651
101111011010,-74.44473433924651
100000101110,-74.39856730242778
011111010001,-74.39856730242776
010001101000,-74.36020273748463
101110010111,-74.36020273748461
010111110100,-74.35784207448864
101000001011,-74.35784207448864
001000101110,-74.3250200802908
110111010001,-74.32502008029078
000111010000,-74.3216089713755
111000101111,-74.3216089713755
001011101111,-74.28565502134997
110100010000,-74.28565502134997
100000001111,-74.26597097218146
011111110000,-74.26597097218145
101001001100,-74.26248202161979
010110110011,-74.26248202161977
100101100000,-74.2297923059996
011010011111,-74.22979230599958
010001001001,-74.22716805247477
101110110110,-74.22716805247477
101010010010,-74.22018031027005
010101101101,-74.22018031027004
011100010000,-74.21139268038063
100011101111,-74.21139268038063
000010110001,-74.19527198132393
111101001110,-74.19527198132393
001000001111,-74.19158467014776
110111110000,-74.19158467014775
111011011100,-74.15869926727493
000100100011,-74.15869926727491
001101100000,-74.15517870620911
110010011111,-74.1551787062091
001001111111,-74.13931973048727
110110000000,-74.13931973048727
000100111000,-74.1392690921267
111011000111,-74.13926909212668
011101101001,-74.12722968417366
100010010110,-74.12722968417366
010100010100,-74.1183735700059
101011101011,-74.1183735700059
011010111110,-74.0952782880306
100101000001,-74.09527828803058
010011010000,-74.08797334343778
101100101111,-74.08797334343778
011110000000,-74.06414074087445
100001111111,-74.06414074087445
000101100100,-74.06172269767752
111010011011,-74.06172269767752
001010010110,-74.05197546304339
110101101001,-74.05197546304338
010101000010,-74.05107355574755
101010111101,-74.05107355574755
001101000001,-74.01982560834338
110010111110,-74.01982560834338
000100011001,-74.00373775568056
111011100110,-74.00373775568055
001110011111,-73.99434417143644
110001100000,-73.99434417143644
000110101000,-73.99113236593388
111001010111,-73.99113236593388
010110000100,-73.96998149656227
101001111011,-73.96998149656226
101000100110,-73.95807014765728
010111011001,-73.95807014765725
000101000101,-73.92532594641929
111010111010,-73.92532594641926
101111011100,-73.92185734170167
010000100011,-73.92185734170165
011001100000,-73.91826797461118
100110011111,-73.91826797461117
010000111000,-73.9020476735248
101111000111,-73.9020476735248
001110111110,-73.85719993670736
110001000001,-73.85719993670736
000110001001,-73.85395260236268
111001110110,-73.85395260236268
010001100100,-73.82299277774818
101110011011,-73.82299277774818
101000000111,-73.820525187795
010111111000,-73.82052518779498
101000011100,-73.80055535899477
010111100011,-73.80055535899476
011001000001,-73.78028465998536
100110111110,-73.78028465998536
100100110000,-73.76661094769622
011011001111,-73.7666109476962
010000011001,-73.76388612031857
101111100110,-73.76388612031857
010010101000,-73.75103758016566
101101010111,-73.75103758016564
010110110101,-73.73151225371839
101001001010,-73.73151225371839
000001101001,-73.70560034985485
111110010110,-73.70560034985485
001100110000,-73.6891464261355
110011001111,-73.68914642613548
010001000101,-73.68396580972986
101110111010,-73.68396580972986
101010001100,-73.648332594409
010101110011,-73.64833259440897
011110110001,-73.63482721231091
100001001110,-73.63482721231091
011011101110,-73.62697006153084
100100010001,-73.62697006153084
100110100000,-73.61398476443244
011001011111,-73.61398476443243
010010001001,-73.61122759983438
101101110110,-73.61122759983438
000100110100,-73.59214442134193
111011001011,-73.59214442134191
010100010010,-73.58109294966098
101011101101,-73.58109294966098
000011110000,-73.56044917572268
111100001111,-73.56044917572268
001001001110,-73.55657058364187
110110110001,-73.55657058364184
001100010001,-73.54866646007339
110011101110,-73.54866646007338
001110100000,-73.53560359422825
110001011111,-73.53560359422823
001111001111,-73.52222618832405
110000110000,-73.52222618832405
000101100010,-73.52198184321904
111010011101,-73.52198184321904
011001111110,-73.47269545114202
100110000001,-73.472695451142
000100010101,-73.45062080188731
111011101010,-73.45062080188728
011000110000,-73.44329906972854
100111001111,-73.44329906972854
000110100100,-73.43746145549723
111001011011,-73.43746145549721
010110000010,-73.42628062389335
101001111101,-73.42628062389335
000011010001,-73.41858621736428
111100101110,-73.41858621736428
001110000001,-73.39347520104108
110001111110,-73.39347520104108
001111101110,-73.37995508539859
110000010001,-73.37995508539859
111010111100,-73.37970813496611
000101000011,-73.3797081349661
110010100000,-73.36672663789396
001101011111,-73.36672663789395
000101011000,-73.3590560327215
111010100111,-73.35905603272148
010000110100,-73.34447787660359
101111001011,-73.34447787660358
011110011110,-73.31994895958434
100001100001,-73.31994895958434
100111101110,-73.30018888690637
011000010001,-73.30018888690635
000110000101,-73.29428940891755
111001111010,-73.29428940891754
011010100000,-73.28688287065498
100101011111,-73.28688287065496
010001100010,-73.27300782149723
101110011101,-73.27300782149723
010111100101,-73.24961759435743
101000011010,-73.24961759435743
001001100001,-73.23983150227095
110110011110,-73.23983150227095
001101111110,-73.22280710784344
110010000001,-73.22280710784344
111111000110,-73.2227527507137
000000111001,-73.22275275071368
000111001000,-73.20166737056796
111000110111,-73.20166737056795
101111101010,-73.20032404038889
010000010101,-73.20032404038888
010010100100,-73.18692154359255
101101011011,-73.18692154359255
010110111001,-73.16655545737498
101001000110,-73.16655545737498
001011110111,-73.16242037332341
110100001000,-73.1624203733234
011111100001,-73.14938655668797
100000011110,-73.14938655668797
100101111110,-73.14212426070773
011010000001,-73.14212426070772
000001100101,-73.1395297575966
111110011010,-73.13952975759659
101110111100,-73.12810389648422
010001000011,-73.1281038964842
010001011000,-73.10707230121096
101110100111,-73.10707230121096
101010001010,-73.09097457744767
010101110101,-73.09097457744764
011100001000,-73.08138805440157
100011110111,-73.08138805440157
001000011110,-73.06827900624869
110111100001,-73.06827900624867
111101010110,-73.06380333782843
000010101001,-73.0638033378284
010010000101,-73.04111928025279
101101111010,-73.04111928025279
000100110010,-73.0324355701475
111011001101,-73.0324355701475
100010001110,-72.98960340584073
011101110001,-72.98960340584071
010100001100,-72.97994839851633
101011110011,-72.97994839851633
011010101111,-72.96333269465765
100101010000,-72.96333269465765
010011001000,-72.9468102718911
101100110111,-72.94681027189108
001010001110,-72.90757920675797
110101110001,-72.90757920675796
000100010011,-72.88503499369818
111011101100,-72.88503499369818
001101010000,-72.88115876656485
110010101111,-72.88115876656485
000110100010,-72.8713323519788
111001011101,-72.8713323519788
100000110001,-72.82313844129061
011111001110,-72.8231384412906
011000111111,-72.80145457543316
100111000000,-72.80145457543316
111010101011,-72.77829916927848
000101010100,-72.77829916927847
010000110010,-72.77452492361667
101111001101,-72.77452492361667
001000110001,-72.74017006220697
110111001110,-72.74017006220697
000110000011,-72.72228334840443
111001111100,-72.72228334840443
001111000000,-72.71836399869689
110000111111,-72.71836399869687
001110101111,-72.70418562237685
110001010000,-72.70418562237685
000110011000,-72.70065369275798
111001100111,-72.70065369275798
111100000000,-72.67777846931904
000011111111,-72.67777846931902
101000010110,-72.66430096082925
010111101001,-72.66430096082922
100010100001,-72.65969957133437
011101011110,-72.65969957133436
000000110101,-72.63632232127065
111111001010,-72.63632232127065
010000010011,-72.62449413040729
101111101100,-72.62449413040729
011001010000,-72.62054909724927
100110101111,-72.62054909724927
000111000100,-72.61436426747305
111000111011,-72.61436426747304
101101011101,-72.61054833828166
010010100010,-72.61054833828165
100100101000,-72.59691443758105
011011010111,-72.59691443758103
001010100001,-72.5758145436073
110101011110,-72.57581454360728
001011111011,-72.57349644507464
110100000100,-72.57349644507464
000001100011,-72.56123961350144
111110011100,-72.56123961350144
110011000000,-72.53943413598603
001100111111,-72.53943413598601
000001111000,-72.53937716380834
111110000111,-72.53937716380834
010001010100,-72.5158703116315
101110101011,-72.5158703116315
001100101000,-72.51267993806783
110011010111,-72.51267993806782
101010000110,-72.49911170426758
010101111001,-72.49911170426755
011100000100,-72.48913196908774
100011111011,-72.48913196908772
000010100101,-72.4708266687335
111101011010,-72.47082666873348
010010000011,-72.45886911794719
101101111100,-72.45886911794719
011011000000,-72.45488096221497
100100111111,-72.45488096221496
011011110110,-72.44509896808715
100100001001,-72.44509896808715
010010011000,-72.43685996927212
101101100111,-72.4368599692721
000100101100,-72.40725738776374
111011010011,-72.40725738776372
010100001010,-72.39525051857868
101011110101,-72.39525051857868
000001011001,-72.38698804924647
111110100110,-72.38698804924647
000011101000,-72.37282424208739
111100010111,-72.37282424208738
001100001001,-72.36002538867723
110011110110,-72.36002538867722
010011000100,-72.34906204265974
101100111011,-72.34906204265972
110000101000,-72.33130820746976
001111010111,-72.33130820746975
100110010000,-72.28647797847063
011001101111,-72.2864779784706
000100001101,-72.25355918498062
111011110010,-72.2535591849806
011000101000,-72.24561111092174
100111010111,-72.24561111092174
000011001001,-72.21878670040047
111100110110,-72.21878670040047
001110010000,-72.20053647996411
110001101111,-72.2005364799641
000101010010,-72.18560540238323
111010101101,-72.18560540238323
001111110110,-72.17686252121577
110000001001,-72.17686252121575
